5 1 2
13 2 3
17 1 4
29 2 5
37 1 6
41 4 5
53 2 7
61 5 6
73 3 8
89 5 8
97 4 9
101 1 10
109 3 10
113 7 8
137 4 11
149 7 10
157 6 11
173 2 13
181 9 10
193 7 12
197 1 14
229 2 15
233 8 13
241 4 15
257 1 16
269 10 13
277 9 14
281 5 16
293 2 17
313 12 13
317 11 14
337 9 16
349 5 18
353 8 17
373 7 18
389 10 17
397 6 19
401 1 20
409 3 20
421 14 15
433 12 17
449 7 20
457 4 21
461 10 19
509 5 22
521 11 20
541 10 21
557 14 19
569 13 20
577 1 24
593 8 23
601 5 24
613 17 18
617 16 19
641 4 25
653 13 22
661 6 25
673 12 23
677 1 26
701 5 26
709 15 22
733 2 27
757 9 26
761 19 20
769 12 25
773 17 22
797 11 26
809 5 28
821 14 25
829 10 27
853 18 23
857 4 29
877 6 29
881 16 25
929 20 23
937 19 24
941 10 29
953 13 28
977 4 31
997 6 31
1009 15 28
1013 22 23
1021 11 30
1033 3 32
1049 5 32
1061 10 31
1069 13 30
1093 2 33
1097 16 29
1109 22 25
1117 21 26
1129 20 27
1153 8 33
1181 5 34
1193 13 32
1201 24 25
1213 22 27
1217 16 31
1229 2 35
1237 9 34
1249 15 32
1277 11 34
1289 8 35
1297 1 36
1301 25 26
1321 5 36
1361 20 31
1373 2 37
1381 15 34
1409 25 28
1429 23 30
1433 8 37
1453 3 38
1481 16 35
1489 20 33
1493 7 38
1549 18 35
1553 23 32
1597 21 34
1601 1 40
1609 3 40
1613 13 38
1621 10 39
1637 26 31
1657 19 36
1669 15 38
1693 18 37
1697 4 41
1709 22 35
1721 11 40
1733 17 38
1741 29 30
1753 27 32
1777 16 39
1789 5 42
1801 24 35
1861 30 31
1873 28 33
1877 14 41
1889 17 40
1901 26 35
1913 8 43
1933 13 42
1949 10 43
1973 23 38
1993 12 43
1997 29 34
2017 9 44
2029 2 45
2053 17 42
2069 25 38
2081 20 41
2089 8 45
2113 32 33
2129 23 40
2137 29 36
2141 5 46
2153 28 37
2161 15 44
2213 2 47
2221 14 45
2237 11 46
2269 30 37
2273 8 47
2281 16 45
2293 23 42
2297 19 44
2309 10 47
2333 22 43
2341 15 46
2357 26 41
2377 21 44
2381 34 35
2389 25 42
2393 32 37
2417 4 49
2437 6 49
2441 29 40
2473 13 48
2477 19 46
2521 35 36
2549 7 50
2557 21 46
2593 17 48
2609 20 47
2617 4 51
2621 11 50
2633 28 43
2657 16 49
2677 34 39
2689 33 40
2693 22 47
2713 3 52
2729 5 52
2741 25 46
2749 30 43
2753 7 52
2777 29 44
2789 17 50
2797 14 51
2801 20 49
2833 23 48
2837 34 41
2857 16 51
2861 19 50
2897 31 44
2909 10 53
2917 1 54
2953 12 53
2957 29 46
2969 37 40
3001 20 51
3037 11 54
3041 4 55
3049 32 45
3061 6 55
3089 8 55
3109 30 47
3121 39 40
3137 1 56
3169 12 55
3181 34 45
3209 20 53
3217 9 56
3221 14 55
3229 27 50
3253 2 57
3257 11 56
3301 30 49
3313 8 57
3329 25 52
3361 15 56
3373 3 58
3389 5 58
3413 7 58
3433 27 52
3449 40 43
3457 39 44
3461 31 50
3469 38 45
3517 6 59
3529 35 48
3533 13 58
3541 25 54
3557 34 49
3581 10 59
3593 28 53
3613 42 43
3617 41 44
3637 39 46
3673 37 48
3677 14 59
3697 36 49
3701 26 55
3709 30 53
3733 22 57
3761 25 56
3769 13 60
3793 33 52
3797 41 46
3821 10 61
3833 32 53
3853 3 62
3877 31 54
3881 20 59
3889 17 60
3917 14 61
3929 35 52
3989 25 58
4001 40 49
4013 13 62
4021 39 50
4049 32 55
4057 24 59
4073 37 52
4093 27 58
4129 23 60
4133 17 62
4153 43 48
4157 26 59
4177 9 64
4201 40 51
4217 11 64
4229 2 65
4241 4 65
4253 38 53
4261 6 65
4273 32 57
4289 8 65
4297 24 61
4337 44 49
4349 43 50
4357 1 66
4373 23 62
4397 26 61
4409 40 53
4421 14 65
4441 29 60
4457 19 64
4481 16 65
4493 2 67
4513 47 48
4517 46 49
4549 18 65
4561 31 60
4597 41 54
4621 30 61
4637 34 59
4649 5 68
4657 39 56
4673 7 68
4721 25 64
4729 45 52
4733 37 58
4789 42 55
4793 13 68
4801 24 65
4813 18 67
4817 41 56
4861 10 69
4877 34 61
4889 20 67
4909 3 70
4933 33 62
4937 29 64
4957 14 69
4969 37 60
4973 22 67
4993 32 63
5009 28 65
5021 11 70
5077 6 71
5081 40 59
5101 50 51
5113 48 53
5153 23 68
5189 17 70
5197 29 66
5209 5 72
5233 7 72
5237 14 71
5261 19 70
5273 28 67
5281 41 60
5297 16 71
5309 50 53
5333 2 73
5381 34 65
5393 8 73
5413 38 63
5417 44 59
5437 26 69
5441 20 71
5449 43 60
5477 1 74
5501 5 74
5521 36 65
5557 9 74
5569 40 63
5573 47 58
5581 35 66
5641 4 75
5653 18 73
5657 44 61
5669 38 65
5689 8 75
5693 43 62
5701 15 74
5717 26 71
5737 51 56
5741 29 70
5749 50 57
5801 5 76
5813 22 73
5821 14 75
5849 35 68
5857 9 76
5861 31 70
5869 45 62
5881 16 75
5897 11 76
5953 52 57
5981 50 59
6029 10 77
6037 41 66
6053 47 62
6073 12 77
6089 40 67
6101 25 74
6113 28 73
6121 45 64
6133 7 78
6173 53 58
6197 34 71
6217 21 76
6221 50 61
6229 30 73
6257 4 79
6269 37 70
6277 6 79
6301 26 75
6317 29 74
6329 20 77
6337 36 71
6353 32 73
6361 40 69
6373 17 78
6389 55 58
6397 54 59
6421 39 70
6449 7 80
6469 50 63
6473 43 68
6481 9 80
6521 11 80
6529 48 65
6553 37 72
6569 13 80
6577 4 81
6581 41 70
6637 54 61
6653 53 62
6661 10 81
6673 52 63
6689 17 80
6701 35 74
6709 25 78
6733 3 82
6737 31 76
6761 19 80
6781 34 75
6793 48 67
6829 30 77
6833 47 68
6841 21 80
6857 56 61
6869 55 62
6917 26 79
6949 15 82
6961 20 81
6977 44 71
6997 39 74
7001 35 76
7013 17 82
7057 1 84
7069 38 75
7109 47 70
7121 55 64
7129 27 80
7177 11 84
7193 52 67
7213 18 83
7229 2 85
7237 26 81
7253 23 82
7297 39 76
7309 35 78
7321 60 61
7333 58 63
7349 25 82
7369 12 85
7393 47 72
7417 19 84
7433 53 68
7457 41 76
7477 9 86
7481 16 85
7489 33 80
7517 11 86
7529 40 77
7537 36 79
7541 50 71
7549 18 85
7561 44 75
7573 2 87
7577 59 64
7589 58 65
7621 15 86
7649 55 68
7669 10 87
7673 28 83
7681 25 84
7717 34 81
7741 46 75
7753 3 88
7757 19 86
7789 30 83
7793 7 88
7817 61 64
7829 50 73
7841 40 79
7853 58 67
7873 57 68
7877 49 74
7901 26 85
7933 43 78
7937 4 89
7949 35 82
7993 53 72
8009 28 85
8017 31 84
8053 22 87
8069 62 65
8081 41 80
8089 60 67
8093 37 82
8101 1 90
8117 14 89
8161 40 81
8209 55 72
8221 11 90
8233 48 77
8237 29 86
8269 13 90
8273 23 88
8293 47 78
8297 4 91
8317 6 91
8329 52 75
8353 28 87
8369 25 88
8377 51 76
8389 17 90
8429 50 77
8461 19 90
8501 55 74
8513 7 92
8521 36 85
8537 16 91
8573 43 82
8581 65 66
8597 26 89
8609 47 80
8629 23 90
8641 60 71
8669 38 85
8677 46 81
8681 20 91
8689 15 92
8693 58 73
8713 8 93
8737 41 84
8741 50 79
8753 17 92
8761 56 75
8821 30 89
8837 1 94
8849 65 68
8861 5 94
8893 53 78
8929 60 73
8933 47 82
8941 29 90
8969 35 88
9001 51 80
9013 38 87
9029 2 95
9041 4 95
9049 20 93
9109 55 78
9133 22 93
9137 64 71
9157 54 79
9161 44 85
9173 62 73
9181 30 91
9209 53 80
9221 14 95
9241 5 96
9257 59 76
9277 21 94
9281 16 95
9293 58 77
9337 11 96
9341 46 85
9349 18 95
9377 56 79
9397 66 71
9413 2 97
9421 45 86
9433 28 93
9437 34 91
9461 25 94
9473 8 97
9497 61 76
9521 40 89
9533 53 82
9601 24 95
9613 3 98
9629 5 98
9649 57 80
9661 69 70
9677 29 94
9689 35 92
9697 56 81
9721 64 75
9733 18 97
9749 55 82
9769 45 88
9781 41 90
9817 4 99
9829 15 98
9833 37 92
9857 44 89
9901 10 99
9929 52 85
9941 70 71
9949 43 90
9973 57 82
10009 3 100
10037 46 89
10061 35 94
10069 50 87
10093 38 93
10133 23 98
10141 54 85
10169 13 100
10177 31 96
10181 34 95
10193 28 97
10253 58 83
10273 52 87
10289 17 100
10301 10 101
10313 43 92
10321 36 95
10333 27 98
10337 64 79
10357 39 94
10369 63 80
10429 5 102
10433 32 97
10453 7 102
10457 16 101
10477 26 99
10501 49 90
10513 72 73
10529 23 100
10589 58 85
10597 66 79
10601 20 101
10613 2 103
10657 64 81
10709 10 103
10729 27 100
10733 62 83
10753 12 103
10781 50 91
10789 42 95
10837 54 89
10853 38 97
10861 45 94
10889 67 80
10909 53 90
10937 11 104
10949 65 82
10957 34 99
10973 37 98
10993 57 88
11057 56 89
11069 62 85
11093 22 103
11113 72 77
11117 61 86
11149 50 93
11161 69 80
11173 42 97
11177 19 104
11197 54 91
11213 67 82
11257 21 104
11261 5 106
11273 53 92
11317 9 106
11321 64 85
11329 48 95
11353 52 93
11369 37 100
11393 28 103
11437 51 94
11489 55 92
11497 36 101
11549 10 107
11593 12 107
11597 19 106
11617 49 96
11621 65 86
11633 32 103
11657 29 104
11677 21 106
11681 41 100
11689 5 108
11701 26 105
11717 74 79
11777 31 104
11789 70 83
11801 40 101
11813 47 98
11821 61 90
11833 13 108
11897 4 109
11909 50 97
11933 22 107
11941 54 95
11953 17 108
11969 65 88
11981 10 109
12037 74 81
12041 35 104
12049 32 105
12073 72 83
12097 71 84
12101 1 110
12109 3 110
12113 52 97
12149 7 110
12157 69 86
12161 56 95
12197 31 106
12241 55 96
12253 43 102
12269 13 110
12277 66 89
12281 20 109
12289 25 108
12301 50 99
12329 77 80
12373 42 103
12377 64 91
12401 49 100
12409 72 85
12413 53 98
12421 10 111
12433 63 92
12437 71 86
12457 24 109
12473 32 107
12497 41 104
12517 14 111
12541 21 110
12553 3 112
12569 5 112
12577 16 111
12589 67 90
12601 51 100
12613 47 102
12637 66 91
12641 79 80
12653 77 82
12689 65 92
12697 59 96
12713 13 112
12721 20 111
12757 39 106
12781 30 109
12809 53 100
12821 70 89
12829 27 110
12841 45 104
12853 57 98
12889 35 108
12893 38 107
12917 41 106
12941 29 110
12953 67 92
12973 78 83
13001 76 85
13009 60 97
13033 37 108
13037 34 109
13049 40 107
13093 18 113
13109 50 103
13121 64 95
13177 36 109
13217 49 104
13229 2 115
13241 4 115
13249 57 100
13297 79 84
13309 78 85
13313 52 103
13337 56 101
13381 66 95
13397 74 89
13417 51 104
13421 14 115
13441 65 96
13457 1 116
13469 37 110
13477 34 111
13513 43 108
13537 9 116
13553 28 113
13577 11 116
13597 69 94
13613 82 83
13633 33 112
13649 68 95
13669 30 113
13681 15 116
13693 2 117
13697 76 89
13709 22 115
13721 61 100
13729 52 105
13757 74 91
13781 41 110
13789 10 117
13829 65 98
13841 55 104
13873 47 108
13877 71 94
13901 26 115
13913 37 112
13921 40 111
13933 3 118
13997 46 109
14009 28 115
14029 77 90
14033 68 97
14057 76 91
14081 25 116
14149 15 118
14153 52 107
14173 22 117
14177 4 119
14197 6 119
14221 35 114
14249 32 115
14281 84 85
14293 82 87
14321 80 89
14341 79 90
14369 40 113
14389 58 105
14401 1 120
14437 46 111
14449 7 120
14461 75 94
14489 67 100
14533 42 113
14537 61 104
14549 25 118
14557 66 101
14561 20 119
14593 72 97
14621 85 86
14629 65 102
14633 83 88
14653 27 118
14657 4 121
14669 38 115
14713 32 117
14717 59 106
14737 24 119
14741 10 121
14753 47 112
14797 54 109
14813 58 107
14821 50 111
14869 62 105
14897 16 121
14929 23 120
14957 61 106
14969 85 88
15013 33 118
15017 56 109
15053 13 122
15061 30 119
15073 48 113
15077 79 94
15101 70 101
15121 64 105
15137 41 116
15149 35 118
15161 44 115
15173 17 122
15193 8 123
15217 24 121
15233 68 103
15241 29 120
15269 50 113
15277 74 99
15289 40 117
15313 87 88
15329 73 100
15349 57 110
15361 31 120
15373 82 93
15377 1 124
15401 5 124
15413 23 122
15461 65 106
15473 52 113
15493 78 97
15497 11 124
15541 30 121
15569 55 112
15581 59 110
15601 15 124
15629 2 125
15641 4 125
15649 68 105
15661 6 125
15733 73 102
15737 19 124
15749 82 95
15761 40 119
15773 43 118
15797 34 121
15809 80 97
15817 21 124
15877 1 126
15881 16 125
15889 65 108
15901 5 126
15913 28 123
15937 36 121
15973 33 122
16001 25 124
16033 87 92
16057 51 116
16061 85 94
16069 63 110
16073 68 107
16097 44 119
16141 54 115
16189 50 117
16193 8 127
16217 29 124
16229 10 127
16249 43 120
16253 37 122
16273 12 127
16301 26 125
16333 77 102
16349 70 107
16361 56 115
16369 60 113
16381 90 91
16417 64 111
16421 86 95
16433 7 128
16453 18 127
16477 59 114
16481 55 116
16493 83 98
16529 20 127
16553 13 128
16561 81 100
16573 38 123
16633 72 107
16649 32 125
16657 4 129
16661 50 119
16673 17 128
16693 78 103
16729 40 123
16741 10 129
16829 85 98
16889 83 100
16901 1 130
16921 36 125
16937 59 116
16981 9 130
16993 73 108
17021 11 130
17029 30 127
17033 67 112
17041 20 129
17053 58 117
17077 54 119
17093 47 122
17117 91 94
17137 89 96
17189 17 130
17209 53 120
17257 84 101
17293 83 102
17317 26 129
17321 64 115
17333 82 103
17341 21 130
17377 81 104
17389 42 125
17393 68 113
17401 45 124
17417 16 131
17449 5 132
17477 79 106
17489 92 95
17497 91 96
17509 90 97
17569 87 100
17573 38 127
17581 66 115
17597 86 101
17609 35 128
17657 76 109
17669 70 113
17681 65 116
17713 17 132
17729 40 127
17737 24 131
17749 82 105
17761 60 119
17789 10 133
17837 26 131
17881 59 120
17909 55 122
17921 89 100
17929 48 125
17957 1 134
17977 51 124
17981 5 134
17989 33 130
18013 18 133
18041 85 104
18049 25 132
18061 30 131
18077 11 134
18089 20 133
18097 76 111
18121 61 120
18133 57 122
18149 65 118
18169 75 112
18181 15 134
18217 69 116
18229 2 135
18233 43 128
18253 93 98
18257 64 119
18269 37 130
18289 8 135
18301 90 101
18313 68 117
18329 52 125
18341 79 110
18353 88 103
18397 21 134
18401 55 124
18413 67 118
18433 48 127
18457 36 131
18461 85 106
18481 16 135
18493 58 123
18517 66 119
18521 5 136
18541 54 125
18553 83 108
18593 47 128
18617 11 136
18637 94 99
18661 81 110
18701 74 115
18713 32 133
18749 43 130
18757 46 129
18773 2 137
18793 37 132
18797 29 134
18869 10 137
18913 12 137
18917 31 134
18973 62 123
19001 76 115
19009 28 135
19013 97 98
19037 94 101
19069 5 138
19073 92 103
19081 75 116
19121 25 136
19141 50 129
19157 89 106
19181 35 134
19213 13 138
19237 79 114
19249 32 135
19273 43 132
19289 40 133
19301 49 130
19309 78 115
19333 17 138
19373 67 122
19381 34 135
19417 96 101
19421 10 139
19429 95 102
19433 83 112
19441 71 120
19457 31 136
19469 62 125
19477 39 134
19489 92 105
19501 51 130
19541 70 121
19553 28 137
19577 16 139
19597 61 126
19609 3 140
19661 50 131
19681 9 140
19697 79 116
19709 53 130
19717 86 111
19753 68 123
19777 56 129
19793 32 137
19801 99 100
19813 97 102
19841 95 104
19853 77 118
19861 94 105
19889 17 140
19913 92 107
19937 76 119
19949 82 115
19961 19 140
19973 62 127
19993 48 133
19997 26 139
20021 89 110
20029 70 123
20089 80 117
20101 65 126
20113 87 112
20117 74 121
20129 23 140
20149 57 130
20161 44 135
20173 3 142
20177 41 136
20201 100 101
20233 53 132
20249 68 125
20261 95 106
20269 35 138
20297 56 131
20333 13 142
20341 46 135
20353 63 128
20357 49 134
20369 40 137
20389 15 142
20393 52 133
20441 29 140
20477 34 139
20509 75 122
20521 45 136
20533 42 137
20549 10 143
20593 12 143
20641 79 120
20681 85 116
20693 23 142
20717 94 109
20749 93 110
20753 68 127
20773 18 143
20789 25 142
20809 72 125
20849 20 143
20857 11 144
20873 67 128
20897 49 136
20921 40 139
20929 52 135
20981 55 134
21001 75 124
21013 102 103
21017 101 104
21061 6 145
21089 8 145
21101 74 125
21121 39 140
21149 85 118
21157 94 111
21169 12 145
21193 93 112
21221 14 145
21269 50 137
21277 91 114
21313 72 127
21317 1 146
21341 5 146
21377 89 116
21397 9 146
21401 76 125
21433 88 117
21481 40 141
21493 87 118
21517 66 131
21521 55 136
21529 80 123
21557 86 119
21569 95 112
21577 29 144
21589 58 135
21601 24 145
21613 2 147
21617 79 124
21649 65 132
21661 69 130
21673 8 147
21701 26 145
21713 73 128
21737 91 116
21757 21 146
21773 83 122
21817 44 141
21821 50 139
21841 104 105
21881 100 109
21893 38 143
21929 5 148
21937 81 124
21961 35 144
21977 59 136
21997 46 141
22013 43 142
22037 86 121
22073 13 148
22093 22 147
22109 85 122
22129 15 148
22133 58 137
22153 92 117
22157 29 146
22189 45 142
22193 17 148
22229 73 130
22273 103 108
22277 31 146
22349 82 125
22369 60 137
22381 50 141
22397 14 149
22409 53 140
22433 23 148
22441 96 115
22453 87 122
22469 38 145
22481 95 116
22501 1 150
22541 35 146
22549 7 150
22573 93 118
22613 62 137
22621 11 150
22637 74 131
22669 13 150
22697 104 109
22709 103 110
22717 69 134
22721 65 136
22741 90 121
22769 100 113
22777 24 149
22817 4 151
22853 82 127
22861 19 150
22877 26 149
22901 10 151
22921 60 139
22937 76 131
22961 44 145
22973 53 142
22993 33 148
23017 56 141
23021 86 125
23029 23 150
23041 80 129
23053 38 147
23057 16 151
23081 59 140
23117 106 109
23173 102 113
23189 55 142
23197 101 114
23201 20 151
23209 40 147
23269 65 138
23293 98 117
23297 89 124
23321 61 140
23333 97 118
23357 34 149
23369 88 125
23417 64 139
23473 8 153
23497 36 149
23509 10 153
23537 71 136
23549 107 110
23557 106 111
23561 80 131
23581 75 134
23593 92 123
23609 85 128
23629 102 115
23633 23 152
23669 70 137
23677 66 139
23689 100 117
23741 5 154
23753 43 148
23761 55 144
23773 78 133
23789 83 130
23801 40 149
23813 58 143
23833 27 152
23857 96 121
23869 37 150
23873 88 127
23893 22 153
23909 95 122
23917 51 146
23929 45 148
23957 34 151
23977 64 141
23981 109 110
23993 107 112
24001 76 135
24029 2 155
24049 60 143
24061 6 155
24077 19 154
24097 36 151
24109 50 147
24113 47 148
24121 75 136
24133 63 142
24137 44 149
24169 12 155
24181 41 150
24197 79 134
24229 90 127
24281 16 155
24317 46 149
24329 35 152
24337 1 156
24373 73 138
24413 82 133
24421 110 111
24469 87 130
24473 37 152
24481 105 116
24509 22 155
24517 81 134
24533 103 118
24593 92 127
24677 31 154
24697 19 156
24709 47 150
24733 98 123
24749 10 157
24781 70 141
24793 12 157
24809 28 155
24821 89 130
24841 96 125
24877 109 114
24889 108 115
24917 46 151
24953 43 152
24977 104 119
24989 5 158
25013 7 158
25033 93 128
25037 61 146
25057 81 136
25073 68 143
25097 76 139
25117 54 149
25121 64 145
25153 57 148
25169 80 137
25189 15 158
25229 98 125
25237 39 154
25253 17 158
25261 90 131
25301 50 151
25309 53 150
25321 36 155
25349 70 143
25357 74 141
25373 107 118
25409 95 128
25453 62 147
25457 104 121
25469 38 155
25537 16 159
25541 65 146
25561 35 156
25577 101 124
25589 25 158
25601 1 160
25609 3 160
25621 86 135
25633 72 143
25657 76 141
25673 32 157
25693 27 158
25717 54 151
25733 98 127
25741 45 154
25793 97 128
25801 60 149
25841 79 140
25849 107 120
25873 63 148
25889 17 160
25913 53 152
25933 83 138
25969 88 135
25981 59 150
25997 94 131
26017 41 156
26021 10 161
26029 102 125
26041 21 160
26053 33 158
26113 52 153
26141 46 155
26153 92 133
26161 81 140
26177 16 161
26189 35 158
26209 72 145
26237 91 134
26249 40 157
26261 110 119
26293 7 162
26297 64 149
26309 97 130
26317 51 154
26321 20 161
26357 71 146
26393 67 148
26417 89 136
26437 34 159
26449 95 132
26489 83 140
26497 24 161
26501 74 145
26513 88 137
26557 66 149
26561 31 160
26573 2 163
26597 26 161
26633 8 163
26641 100 129
26669 10 163
26681 115 116
26693 113 118
26701 99 130
26713 12 163
26717 86 139
26729 52 155
26737 49 156
26777 91 136
26801 76 145
26813 43 158
26821 30 161
26833 97 132
26849 80 143
26861 106 125
26881 40 159
26893 18 163
26921 5 164
26953 48 157
26981 95 134
26993 103 128
27017 11 164
27061 94 135
27073 63 152
27077 34 161
27109 78 145
27197 59 154
27241 4 165
27253 62 153
27277 86 141
27281 41 160
27329 65 152
27337 21 164
27361 55 156
27397 46 159
27409 105 128
27437 61 154
27449 43 160
27457 104 129
27481 16 165
27509 103 130
27529 75 148
27541 71 150
27581 5 166
27617 116 119
27653 113 122
27673 112 123
27689 100 133
27697 111 124
27701 70 151
27733 87 142
27737 29 164
27749 82 145
27773 53 158
27793 108 127
27809 47 160
27817 59 156
27893 2 167
27901 26 165
27917 19 166
27941 65 154
27953 8 167
27961 85 144
27997 21 166
28001 49 160
28057 61 156
28069 95 138
28081 84 145
28097 116 121
28109 115 122
28181 25 166
28201 51 160
28229 110 127
28277 74 151
28289 20 167
28297 99 136
28309 70 153
28349 107 130
28393 13 168
28409 53 160
28429 77 150
28433 73 152
28477 69 154
28493 62 157
28513 17 168
28517 31 166
28537 96 139
28541 85 146
28549 90 143
28573 117 122
28597 6 169
28621 114 125
28649 68 155
28657 89 144
28661 10 169
28669 38 165
28697 101 136
28729 75 152
28753 23 168
28789 30 167
28793 83 148
28813 93 142
28817 16 169
28837 54 161
28901 1 170
28909 3 170
28921 45 164
28933 63 158
28949 7 170
28961 20 169
29009 97 140
29017 91 144
29021 11 170
29033 77 152
29077 39 166
29101 115 126
29129 85 148
29137 24 169
29153 113 128
29173 102 137
29201 80 151
29209 72 155
29221 111 130
29269 55 162
29297 49 164
29333 38 167
29389 83 150
29401 99 140
29429 23 170
29437 14 171
29453 67 158
29473 87 148
29501 74 155
29537 119 124
29569 63 160
29573 97 142
29581 45 166
29629 27 170
29633 7 172
29641 20 171
29669 113 130
29717 34 169
29741 29 170
29753 13 172
29761 95 144
29789 110 133
29833 72 157
29837 109 134
29873 17 172
29881 100 141
29917 26 171
29921 55 164
29989 33 170
30013 122 123
30029 10 173
30089 67 160
30097 116 129
30109 78 155
30113 23 172
30133 82 153
30137 104 139
30161 40 169
30169 60 163
30181 70 159
30197 86 151
30241 96 145
30253 18 173
30269 37 170
30293 73 158
30313 27 172
30341 95 146
30389 50 167
30449 100 143
30469 65 162
30493 107 138
30497 44 169
30509 122 125
30517 121 126
30529 120 127
30553 93 148
30557 106 139
30577 79 156
30593 52 167
30637 19 174
30649 115 132
30661 6 175
30677 46 169
30689 8 175
30697 104 141
30713 28 173
30757 74 159
30773 103 142
30781 91 150
30809 35 172
30817 111 136
30829 30 173
30841 40 171
30853 102 143
30869 110 137
30881 16 175
30893 77 158
30937 101 144
30941 85 154
30949 18 175
30977 1 176
31013 122 127
31033 53 168
31069 62 165
31081 84 155
31121 65 164
31153 88 153
31177 44 171
31181 115 134
31189 105 142
31193 68 163
31237 31 174
31249 55 168
31253 58 167
31277 61 166
31321 64 165
31333 2 177
31337 19 176
31357 46 171
31393 8 177
31397 74 161
31469 70 163
31477 54 169
31481 109 140
31489 60 167
31513 123 128
31517 101 146
31541 121 130
31573 73 162
31601 25 176
31649 32 175
31657 69 164
31721 115 136
31729 20 177
31741 50 171
31769 88 155
31793 47 172
31817 29 176
31849 68 165
31873 92 153
31957 41 174
31973 17 178
31981 110 141
32009 125 128
32029 123 130
32057 4 179
32069 38 175
32077 6 179
32089 120 133
32117 119 134
32141 10 179
32173 77 162
32189 85 158
32213 23 178
32233 48 173
32237 14 179
32257 89 156
32261 106 145
32297 16 179
32309 25 178
32321 80 161
32341 105 146
32353 32 177
32369 113 140
32377 56 171
32381 59 170
32401 1 180
32413 27 178
32429 50 173
32441 20 179
32497 39 176
32533 87 158
32537 124 131
32561 44 175
32569 13 180
32573 122 133
32609 55 172
32621 61 170
32633 52 173
32653 78 163
32693 118 137
32713 67 168
32717 26 179
32749 90 157
32789 70 167
32797 6 181
32801 100 151
32833 57 172
32869 63 170
32909 35 178
32917 66 169
32933 113 142
32941 30 179
32957 14 181
32969 80 163
32993 112 143
33013 98 153
33029 127 130
33037 126 131
33049 125 132
33053 37 178
33073 72 167
33113 92 157
33149 5 182
33161 20 181
33181 75 166
33289 117 140
33301 55 174
33317 86 161
33329 52 175
33349 15 182
33353 107 148
33377 49 176
33409 100 153
33413 17 182
33457 81 164
33461 70 169
33469 85 162
33493 2 183
33521 89 160
33529 60 173
33533 43 178
33569 112 145
33577 51 176
33581 125 134
33589 10 183
33601 124 135
33613 93 158
33617 104 151
33629 98 155
33637 111 146
33641 40 179
33713 103 152
33721 120 139
33749 25 182
33757 59 174
33769 37 180
33773 62 173
33797 79 166
33809 65 172
33829 50 177
33857 1 184
33889 20 183
33893 47 178
33937 9 184
33941 71 170
33961 115 144
33997 61 174
34033 52 177
34057 36 181
34061 130 131
34129 105 152
34141 70 171
34157 46 179
34213 33 182
34217 19 184
34253 98 157
34261 6 185
34273 28 183
34297 21 184
34301 110 149
34313 88 163
34337 76 169
34361 40 181
34369 12 185
34381 109 150
34421 14 185
34429 102 155
34457 59 176
34469 62 175
34501 65 174
34513 32 183
34537 101 156
34549 18 185
34589 130 133
34613 82 167
34649 100 157
34673 113 148
34693 58 177
34721 64 175
34729 123 140
34757 94 161
34781 85 166
34841 104 155
34849 120 143
34877 46 181
34897 119 144
34913 73 172
34949 118 145
34961 80 169
34981 66 175
35053 102 157
35069 10 187
35081 35 184
35089 40 183
35117 131 134
35129 115 148
35141 79 170
35149 45 182
35153 128 137
35201 65 176
35221 25 186
35257 124 141
35281 100 159
35317 71 174
35353 3 188
35381 34 185
35393 7 188
35401 99 160
35437 29 186
35449 85 168
35461 81 170
35509 110 153
35521 36 185
35533 118 147
35537 41 184
35569 15 188
35573 103 158
35593 117 148
35597 109 154
35617 84 169
35677 54 181
35729 127 140
35753 28 187
35797 114 151
35801 101 160
35809 72 175
35837 91 166
35869 30 187
35897 56 181
35933 53 182
35969 25 188
35977 16 189
35993 32 187
36013 78 173
36017 71 176
36037 111 154
36061 94 165
36073 27 188
36097 104 159
36109 3 190
36137 64 179
36161 44 185
36209 103 160
36217 109 156
36229 70 177
36241 129 140
36269 13 190
36277 41 186
36293 127 142
36313 108 157
36341 46 185
36353 92 167
36373 57 182
36389 17 190
36433 33 188
36457 51 184
36469 87 170
36473 83 172
36493 122 147
36497 4 191
36529 48 185
36541 21 190
36629 23 190
36637 86 171
36653 82 173
36677 14 191
36697 99 164
36709 78 175
36713 37 188
36721 135 136
36749 110 157
36761 131 140
36781 130 141
36793 117 152
36809 85 172
36821 89 170
36833 128 143
36857 64 181
36877 34 189
36901 126 145
36913 7 192
36929 52 185
36973 102 163
36997 49 186
37013 73 178
37021 114 155
37049 107 160
37057 24 191
37061 31 190
37097 101 164
37117 66 181
37181 91 170
37189 33 190
37201 120 151
37217 79 176
37253 2 193
37273 48 187
37277 134 139
37309 75 178
37313 8 193
37321 40 189
37337 59 184
37357 99 166
37361 56 185
37369 45 188
37397 94 169
37409 128 145
37441 71 180
37489 25 192
37493 98 167
37501 85 174
37517 74 179
37529 125 148
37537 81 176
37549 93 170
37561 115 156
37573 18 193
37589 58 185
37633 97 168
37649 20 193
37657 44 189
37693 107 162
37717 9 194
37781 41 190
37813 137 138
37853 133 142
37861 15 194
37889 100 167
37897 131 144
37957 129 146
37993 128 147
37997 19 194
38053 82 177
38069 62 185
38113 68 183
38149 30 193
38153 53 188
38177 124 151
38189 115 158
38197 89 174
38201 85 176
38237 74 181
38261 25 194
38273 32 193
38281 16 195
38317 61 186
38321 64 185
38329 77 180
38333 58 187
38377 136 141
38393 92 173
38449 132 145
38453 73 182
38461 106 165
38501 49 190
38557 91 174
38561 100 169
38569 60 187
38593 57 188
38609 95 172
38629 127 150
38653 117 158
38669 110 163
38677 126 151
38693 38 193
38713 43 192
38729 125 152
38737 116 159
38749 75 182
38821 65 186
38833 103 168
38861 35 194
38873 8 197
38917 114 161
38921 139 140
38933 137 142
38953 12 197
38977 121 156
38993 97 172
39041 25 196
39089 92 175
39097 84 179
39113 112 163
39133 18 197
39157 39 194
39161 80 181
39181 34 195
39209 20 197
39217 111 164
39229 5 198
39233 127 152
39241 100 171
39293 22 197
39301 95 174
39313 63 188
39317 41 194
39341 125 154
39373 13 198
39397 54 191
39409 72 185
39461 94 175
39509 103 170
39521 136 145
39541 135 146
39569 65 188
39581 59 190
39709 30 197
39733 23 198
39749 50 193
39761 119 160
39769 112 165
39821 61 190
39829 25 198
39841 96 175
39857 16 199
39869 70 187
39877 111 166
39901 126 155
39929 100 173
39937 39 196
39953 52 193
39989 110 167
40009 3 200
40013 83 182
40037 49 194
40093 123 158
40129 135 148
40153 72 187
40169 13 200
40177 24 199
40189 133 150
40193 103 172
40213 82 183
40237 51 194
40241 121 160
40253 38 197
40277 26 199
40289 17 200
40357 129 154
40361 19 200
40429 35 198
40433 112 167
40493 118 163
40529 23 200
40577 64 191
40597 14 201
40609 105 172
40637 139 146
40693 87 182
40697 136 149
40709 95 178
40801 20 201
40813 3 202
40829 5 202
40841 29 200
40849 60 193
40853 7 202
40897 36 199
40933 98 177
40949 82 185
40961 31 200
40973 13 202
40993 113 168
41017 51 196
41057 119 164
41077 26 201
41081 85 184
41113 48 197
41117 59 194
41141 71 190
41149 118 165
41161 56 195
41177 101 176
41189 142 145
41201 40 199
41213 2 203
41221 111 170
41233 88 183
41257 96 179
41269 137 150
41281 84 185
41333 23 202
41341 110 171
41357 61 194
41381 70 191
41389 58 195
41413 47 198
41453 122 163
41513 52 197
41521 39 200
41549 130 157
41593 108 173
41597 94 181
41609 20 203
41617 1 204
41621 86 185
41641 5 204
41669 113 170
41681 41 200
41729 127 160
41737 11 204
41761 144 145
41777 89 184
41801 140 149
41809 97 180
41813 118 167
41849 43 200
41893 33 202
41897 59 196
41941 135 154
41953 92 183
41957 74 191
41969 88 185
41981 134 155
42013 53 198
42017 116 169
42061 6 205
42073 132 157
42089 8 205
42101 50 199
42157 109 174
42169 12 205
42181 130 159
42193 73 192
42197 121 166
42209 47 200
42221 14 205
42257 76 191
42281 16 205
42293 103 178
42337 44 201
42349 18 205
42373 127 162
42397 69 194
42409 60 197
42433 72 193
42437 1 206
42457 29 204
42461 5 206
42473 112 173
42509 22 205
42533 97 182
42557 11 206
42569 85 188
42577 31 204
42589 117 170
42641 65 196
42649 68 195
42677 71 194
42689 92 185
42697 116 171
42701 26 205
42709 105 178
42737 56 199
42773 122 167
42793 77 192
42797 19 206
42821 130 161
42829 45 202
42841 35 204
42853 2 207
42901 50 201
42929 145 148
42937 144 149
42953 128 163
42961 120 169
42989 83 190
43013 47 202
43037 139 154
43049 32 205
43093 98 183
43117 86 189
43133 107 178
43177 69 196
43189 135 158
43201 60 199
43237 134 159
43261 75 194
43313 7 208
43321 36 205
43397 31 206
43441 96 185
43457 71 196
43481 59 200
43517 146 149
43541 121 170
43573 142 153
43577 104 181
43597 141 154
43609 128 165
43613 53 202
43633 28 207
43649 80 193
43661 35 206
43669 87 190
43717 6 209
43721 61 200
43753 83 192
43777 136 159
43781 10 209
43789 42 205
43793 23 208
43801 76 195
43853 118 173
43889 25 208
43913 52 203
43933 133 162
43961 44 205
43969 63 200
43973 82 193
43997 106 181
44017 49 204
44021 89 190
44029 123 170
44041 75 196
44053 57 202
44089 85 192
44101 1 210
44129 145 152
44189 142 155
44201 115 176
44221 11 210
44249 140 157
44257 24 209
44269 13 210
44273 128 167
44281 109 180
44293 38 207
44357 26 209
44381 91 190
44389 17 210
44417 136 161
44449 40 207
44453 113 178
44497 64 201
44501 70 199
44533 73 198
44537 4 211
44549 118 175
44617 124 171
44621 10 211
44633 37 208
44641 55 204
44657 79 196
44701 149 150
44729 52 205
44741 145 154
44753 97 188
44773 63 202
44777 16 211
44789 130 167
44797 101 186
44809 60 203
44893 78 197
44909 115 178
44917 121 174
44953 3 212
45013 137 162
45053 62 203
45061 31 210
45077 74 199
45121 135 164
45137 119 176
45161 56 205
45181 134 165
45197 26 211
45233 17 212
45281 40 209
45289 45 208
45293 67 202
45317 94 191
45329 73 200
45337 61 204
45341 146 155
45361 145 156
45377 76 199
45389 58 205
45413 143 158
45433 8 213
45481 141 160
45497 116 179
45533 82 197
45541 129 170
45553 52 207
45557 89 194
45569 25 212
45589 110 183
45613 138 163
45641 85 196
45673 27 212
45677 34 211
45697 96 191
45737 109 184
45757 114 181
45817 36 211
45821 5 214
45833 68 203
45841 65 204
45853 22 213
45869 62 205
45893 113 182
45949 43 210
45953 103 188
45989 145 158
46021 15 214
46049 143 160
46061 131 170
46073 53 208
46093 83 198
46133 73 202
46141 130 171
46153 28 213
46181 50 209
46229 2 215
46237 21 214
46261 6 215
46273 97 192
46301 101 190
46309 47 210
46337 89 196
46349 115 182
46381 66 205
46441 120 179
46457 44 211
46477 109 186
46489 92 195
46549 18 215
46573 147 158
46589 133 170
46601 125 176
46633 108 187
46649 68 205
46681 5 216
46757 31 214
46769 112 185
46817 56 209
46829 130 173
46853 98 193
46861 94 195
46877 139 166
46889 83 200
46901 26 215
46933 138 167
46957 106 189
46993 137 168
46997 86 199
47017 19 216
47041 121 180
47057 136 169
47093 2 217
47129 152 155
47137 151 156
47149 150 157
47161 120 181
47189 10 217
47221 114 185
47237 146 161
47269 145 162
47293 78 203
47297 104 191
47309 125 178
47317 39 214
47353 132 173
47381 34 215
47389 142 165
47417 124 179
47441 95 196
47497 29 216
47501 74 205
47513 112 187
47521 36 215
47533 3 218
47569 87 200
47581 59 210
47609 80 203
47629 98 195
47653 102 193
47657 56 211
47681 116 185
47701 90 199
47713 128 177
47717 106 191
47737 136 171
47741 154 155
47777 64 209
47797 86 201
47809 135 172
47837 101 194
47857 79 204
47869 50 213
47881 35 216
47917 126 179
47933 82 203
47969 55 212
47977 4 219
47981 109 190
48017 119 184
48029 85 202
48049 132 175
48073 52 213
48109 78 205
48121 60 211
48157 14 219
48193 57 212
48197 49 214
48221 139 170
48281 91 200
48313 107 192
48337 41 216
48341 46 215
48353 137 172
48397 51 214
48409 3 220
48413 98 197
48437 94 199
48449 7 220
48473 148 163
48481 9 220
48497 121 184
48533 38 217
48541 146 165
48589 67 210
48593 73 208
48649 93 200
48661 105 194
48673 143 168
48677 79 206
48733 58 213
48757 119 186
48761 19 220
48781 141 170
48809 100 197
48817 96 199
48821 55 214
48857 4 221
48869 113 190
48889 75 208
48953 88 203
48973 138 173
48989 155 158
49009 153 160
49033 117 188
49037 14 221
49057 49 216
49069 150 163
49081 84 205
49109 122 185
49117 34 219
49121 136 175
49157 74 209
49169 65 212
49177 116 189
49193 77 208
49201 135 176
49253 127 182
49261 106 195
49277 59 214
49297 144 169
49333 7 222
49369 120 187
49393 48 217
49409 97 200
49417 24 221
49429 73 210
49433 67 212
49477 114 191
49481 125 184
49529 140 173
49537 89 204
49549 45 218
49597 139 174
49613 157 158
49633 113 192
49669 138 175
49681 55 216
49697 151 164
49741 30 221
49757 149 166
49789 117 190
49801 99 200
49853 122 187
49877 146 169
49921 39 220
49937 116 191
49957 111 194
49993 68 213
50021 65 214
50033 143 172
50053 18 223
50069 62 215
50077 46 219
50093 142 173
50101 126 185
50129 20 223
50153 83 208
50177 1 224
50221 125 186
50261 119 190
50273 73 212
50321 64 215
50329 152 165
50333 53 218
50341 79 210
50377 61 216
50417 104 199
50441 40 221
50461 50 219
50497 129 184
50513 28 223
50549 55 218
50581 66 215
50593 88 207
50741 121 190
50753 32 223
50773 57 218
50777 44 221
50789 142 175
50821 14 225
50833 87 208
50849 68 215
50857 141 176
50873 77 212
50893 157 162
50909 110 197
50929 140 177
50957 46 221
50969 125 188
50989 83 210
50993 152 167
51001 51 220
51061 150 169
51109 22 225
51133 43 222
51137 31 224
51157 9 226
51169 137 180
51193 147 172
51197 11 226
51217 104 201
51229 123 190
51241 96 205
51257 136 181
51329 40 223
51341 50 221
51349 135 182
51361 144 175
51413 103 202
51421 75 214
51437 19 226
51449 107 200
51461 95 206
51473 127 188
51481 116 195
51517 21 226
51521 160 161
51577 84 211
51581 155 166
51593 8 227
51613 102 203
51637 106 201
51673 12 227
51713 68 217
51721 139 180
51749 65 218
51769 80 213
51797 119 194
51817 101 204
51829 105 202
51853 18 227
51869 130 187
51893 137 182
51913 93 208
51929 20 227
51941 146 175
51949 118 195
51973 113 198
51977 56 221
52009 5 228
52021 89 210
52057 64 219
52069 38 225
52081 135 184
52121 61 220
52153 13 228
52177 159 164
52181 134 185
52189 158 165
52201 45 224
52237 99 206
52249 155 168
52253 107 202
52289 95 208
52301 35 226
52313 28 227
52321 111 200
52361 140 181
52369 63 220
52433 52 223
52453 98 207
52457 4 229
52489 125 192
52501 110 201
52517 94 209
52529 148 175
52541 10 229
52553 32 227
52561 44 225
52609 25 228
52673 97 208
52697 16 229
52709 145 178
52721 136 185
52733 118 197
52757 41 226
52769 113 200
52813 162 163
52817 161 164
52837 159 166
52861 70 219
52889 67 220
52901 1 230
52937 64 221
52957 154 171
52973 38 227
52981 9 230
53017 24 229
53069 13 230
53077 151 174
53089 140 183
53093 58 223
53101 45 226
53113 88 213
53117 26 229
53129 40 227
53149 75 218
53161 69 220
53173 78 217
53189 17 230
53197 66 221
53201 55 224
53233 148 177
53269 138 185
53281 84 215
53309 110 203
53353 37 228
53377 4 231
53381 130 191
53401 124 195
53437 74 219
53441 71 220
53453 77 218
53549 157 170
53569 135 188
53593 93 212
53597 34 229
53609 155 172
53617 16 231
53629 27 230
53633 128 193
53653 142 183
53657 59 224
53681 100 209
53693 122 197
53717 89 214
53773 67 222
53777 151 176
53813 82 217
53849 5 232
53857 116 201
53861 31 230
53881 85 216
53897 61 224
53917 139 186
53993 13 232
54001 120 199
54013 138 187
54037 26 231
54049 15 232
54101 55 226
54121 164 165
54133 162 167
54181 159 170
54193 47 228
54217 136 189
54269 37 230
54277 129 194
54293 2 233
54361 80 219
54377 44 229
54401 65 224
54409 128 195
54413 83 218
54421 39 230
54437 134 191
54449 25 232
54469 62 225
54493 117 202
54497 104 209
54517 34 231
54521 100 211
54541 150 179
54577 89 216
54581 41 230
54601 149 180
54617 76 221
54629 70 223
54673 132 193
54709 103 210
54713 107 208
54721 64 225
54773 22 233
54829 125 198
54833 88 217
54869 137 190
54877 11 234
54881 145 184
54917 106 209
54941 50 229
54949 110 207
54973 98 213
55001 155 176
55009 55 228
55021 114 205
55049 35 232
55057 129 196
55061 94 215
55073 28 233
55109 47 230
55117 19 234
55201 151 180
55213 77 222
55217 71 224
55229 2 235
55249 68 225
55313 32 233
55333 127 198
55337 104 211
55373 62 227
55381 25 234
55441 96 215
55457 164 169
55469 163 170
55501 51 230
55529 160 173
55541 146 185
55589 158 175
55609 120 203
55621 145 186
55633 137 192
55661 115 206
55673 43 232
55681 95 216
55697 1 236
55717 31 234
55721 5 236
55733 38 233
55793 143 188
55813 78 223
55817 11 236
55829 98 215
55837 69 226
55849 45 232
55889 40 233
55897 84 221
55901 26 235
55921 15 236
55933 123 202
55949 118 205
55997 101 214
56009 28 235
56041 60 229
56053 42 233
56081 140 191
56093 122 203
56101 74 225
56113 167 168
56149 57 230
56197 161 174
56209 65 228
56237 86 221
56249 32 235
56269 10 237
56333 157 178
56369 145 188
56377 156 179
56393 107 212
56401 76 225
56417 79 224
56437 41 234
56453 82 223
56473 67 228
56477 154 181
56489 115 208
56501 130 199
56509 85 222
56533 153 182
56569 20 237
56597 119 206
56629 102 215
56633 53 232
56681 91 220
56701 75 226
56713 72 227
56737 81 224
56773 118 207
56809 165 172
56813 13 238
56821 105 214
56857 101 216
56873 148 187
56893 133 198
56897 161 176
56909 122 205
56921 35 236
56929 160 177
56941 90 221
56957 139 194
56989 42 235
56993 52 233
57037 146 189
57041 104 215
57073 57 232
57077 121 206
57089 100 217
57097 156 181
57149 155 182
57173 23 238
57193 32 237
57221 10 239
57241 125 204
57269 25 238
57301 130 201
57329 152 185
57349 82 225
57373 27 238
57389 67 230
57397 151 186
57413 142 193
57457 64 231
57493 102 217
57529 48 235
57557 134 199
57593 128 203
57601 1 240
57637 81 226
57641 160 179
57649 7 240
57653 58 233
57689 133 200
57697 24 239
57709 147 190
57713 113 212
57737 139 196
57773 157 182
57781 55 234
57793 63 232
57809 97 220
57829 90 223
57853 138 197
57881 155 184
57901 126 205
57917 74 229
57973 137 198
57977 116 211
58013 37 238
58049 65 232
58057 96 221
58061 125 206
58073 152 187
58109 130 203
58129 23 240
58153 168 173
58169 115 212
58189 142 195
58193 92 223
58217 76 229
58229 73 230
58237 59 234
58309 95 222
58313 67 232
58321 161 180
58337 16 241
58369 88 225
58393 123 208
58417 36 239
58441 29 240
58453 158 183
58477 61 234
58481 20 241
58537 109 216
58549 105 218
58573 3 242
58601 101 220
58613 7 242
58657 24 241
58661 145 194
58693 97 222
58733 13 242
58741 121 210
58757 26 241
58789 15 242
58889 125 208
58897 136 201
58901 151 190
58909 165 178
58913 68 233
58921 120 211
58937 164 179
58997 89 226
59009 103 220
59021 115 214
59029 135 202
59053 2 243
59069 62 235
59077 129 206
59093 23 242
59113 8 243
59141 79 230
59149 10 243
59197 106 219
59209 85 228
59221 114 215
59233 128 207
59273 88 227
59281 41 240
59333 98 223
59341 146 195
59357 91 226
59369 155 188
59377 36 241
59393 127 208
59417 61 236
59441 145 196
59453 53 238
59473 72 233
59497 84 229
59509 153 190
59513 172 173
59557 126 209
59561 5 244
59581 66 235
59617 9 244
59621 50 239
59629 90 227
59669 55 238
59693 163 182
59729 100 223
59753 77 232
59797 71 234
59809 47 240
59833 28 243
59921 65 236
59929 148 195
59957 119 214
59981 134 205
60013 62 237
60017 44 241
60029 2 245
60037 54 239
60041 4 245
60077 106 221
60089 8 245
60101 95 226
60133 102 223
60149 118 215
60161 25 244
60169 12 245
60209 172 175
60217 171 176
60257 56 239
60289 167 180
60293 113 218
60317 166 181
60337 144 199
60353 152 193
60373 78 233
60397 126 211
60413 43 242
60449 143 200
60457 69 236
60493 38 243
60497 31 244
60509 22 245
60521 136 205
60589 45 242
60601 24 245
60617 149 196
60637 11 246
60649 40 243
60661 135 206
60689 80 233
60733 107 222
60737 71 236
60757 86 231
60761 35 244
60773 47 242
60793 68 237
60821 89 230
60869 65 238
60889 155 192
60901 174 175
60913 172 177
60917 146 199
60937 139 204
60953 133 208
60961 169 180
61001 76 235
61057 39 244
61121 164 185
61129 152 195
61141 25 246
61153 12 247
61169 113 220
61253 143 202
61261 131 210
61297 121 216
61333 18 247
61357 29 246
61381 159 190
61409 20 247
61417 116 219
61441 104 225
61469 38 245
61493 22 247
61553 7 248
61561 45 244
61609 147 200
61613 173 178
61637 134 209
61657 96 229
61673 13 248
61681 60 241
61717 146 201
61729 15 248
61757 139 206
61781 166 185
61813 57 242
61837 114 221
61861 106 225
61909 30 247
61933 102 227
61949 82 235
61961 44 245
61981 85 234
62017 4 249
62053 113 222
62057 109 224
62081 160 191
62129 25 248
62137 51 244
62141 46 245
62189 142 205
62201 149 200
62213 158 193
62233 27 248
62273 112 223
62297 116 221
62401 20 249
62417 169 184
62473 93 232
62477 134 211
62497 111 224
62501 1 250
62533 63 242
62549 7 250
62581 9 250
62597 74 239
62617 164 189
62633 133 212
62653 123 218
62701 99 230
62753 92 233
62761 144 205
62773 42 247
62801 151 200
62861 19 250
62869 137 210
62873 37 248
62897 76 239
62921 85 236
62929 73 240
62969 88 235
62981 70 241
62989 158 195
63029 23 250
63073 172 183
63097 171 184
63113 148 203
63149 125 218
63197 14 251
63241 120 221
63277 166 189
63281 140 209
63313 48 247
63317 154 199
63337 124 219
63353 43 248
63361 100 231
63377 164 191
63389 58 245
63397 111 226
63409 153 200
63421 139 210
63473 128 217
63493 162 193
63521 80 239
63533 83 238
63541 55 246
63577 24 251
63589 33 250
63601 40 249
63617 89 236
63629 110 227
63649 132 215
63689 92 235
63697 159 196
63709 150 203
63737 176 181
63761 65 244
63773 158 197
63781 95 234
63793 17 252
63809 172 185
63841 79 240
63853 157 198
63857 76 241
63901 30 251
63913 88 237
63929 148 205
63949 70 243
63977 91 236
63997 59 246
64013 2 253
64033 23 252
64037 166 191
64081 116 225
64109 10 253
64153 12 253
64157 34 251
64189 75 242
64217 124 221
64237 61 246
64301 115 226
64333 18 253
64373 58 247
64381 66 245
64433 103 232
64453 177 182
64489 83 240
64513 132 217
64553 172 187
64577 71 244
64601 40 251
64609 60 247
64613 122 223
64621 170 189
64633 92 237
64661 169 190
64693 102 233
64709 47 250
64717 126 221
64781 109 230
64793 28 253
64817 121 224
64849 105 232
64853 62 247
64877 19 254
64901 49 250
64921 164 195
64937 44 251
64969 140 213
64997 146 209
65029 2 255
65033 32 253
65053 162 197
65089 8 255
65101 51 250
65129 152 205
65141 25 254
65173 178 183
65213 133 218
65257 144 211
65269 138 215
65293 93 238
65309 53 250
65353 43 252
65357 29 254
65381 170 191
65393 143 212
65413 127 222
65437 114 229
65449 80 243
65497 99 236
65521 89 240
65537 1 256
65557 71 246
65581 166 195
65609 40 253
65617 9 256
65629 102 235
65633 68 247
65657 11 256
65677 141 214
65701 26 255
65713 47 252
65717 121 226
65729 65 248
65761 15 256
65777 79 244
65789 85 242
65809 28 255
65837 146 211
65881 91 240
65921 161 200
65929 120 227
65957 94 239
65981 59 250
65993 67 248
66029 173 190
66037 39 254
66041 104 235
66089 133 220
66109 78 245
66137 56 251
66161 25 256
66169 100 237
66173 158 203
66221 61 250
66293 137 218
66301 149 210
66337 96 239
66361 156 205
66373 18 257
66377 29 256
66413 122 227
66449 20 257
66457 136 219
66509 50 253
66529 55 252
66533 22 257
66541 45 254
66553 147 212
66569 163 200
66593 113 232
66601 60 251
66617 181 184
66629 130 223
66653 178 187
66697 176 189
66701 125 226
66713 52 253
66721 105 236
66733 13 258
66749 82 245
66797 134 221
66809 160 203
66821 145 214
66841 120 229
66853 17 258
66877 171 194
66889 108 235
66949 30 257
66973 133 222
66977 169 196
67021 150 211
67033 168 197
67049 115 232
67057 39 256
67061 119 230
67073 32 257
67121 100 239
67129 75 248
67141 46 255
67153 132 223
67157 166 199
67169 137 220
67181 10 259
67189 25 258
67213 93 242
67217 41 256
67261 69 250
67273 148 213
67289 155 208
67349 182 185
67369 180 187
67409 80 247
67421 86 245
67429 177 190
67433 77 248
67453 162 203
67477 74 249
67481 20 259
67489 175 192
67493 38 257
67537 161 204
67577 109 236
67589 95 242
67601 1 260
67709 170 197
67733 82 247
67741 85 246
67757 26 259
67777 76 249
67789 35 258
67801 101 240
67829 73 250
67853 62 253
67901 70 251
67933 37 258
67957 166 201
67961 19 260
67993 67 252
68041 21 260
68053 137 222
68113 127 228
68141 179 190
68161 56 255
68209 103 240
68213 118 233
68261 175 194
68281 141 220
68329 27 260
68389 58 255
68437 89 246
68449 160 207
68473 152 213
68477 74 251
68489 92 245
68501 170 199
68521 20 261
68581 134 225
68597 151 214
68633 68 253
68669 5 262
68713 112 237
68729 85 248
68737 124 231
68749 157 210
68777 76 251
68813 13 262
68821 185 186
68881 180 191
68897 104 241
68909 70 253
68917 119 234
68993 148 217
69001 176 195
69029 127 230
69061 81 250
69073 87 248
69109 90 247
69149 118 235
69193 72 253
69197 46 259
69221 110 239
69233 8 263
69257 61 256
69313 12 263
69317 106 241
69337 99 244
69341 130 229
69389 83 250
69401 80 251
69457 151 216
69473 92 247
69481 109 240
69493 18 263
69497 139 224
69557 71 254
69593 157 212
69653 22 263
69661 165 206
69677 179 194
69697 1 264
69709 178 195
69737 101 244
69761 65 256
69809 47 260
69821 155 214
69829 175 198
69833 163 208
69857 119 236
69877 174 199
69929 173 200
69941 154 215
69997 54 259
70001 49 260
70009 147 220
70061 131 230
70117 114 239
70121 160 211
70141 75 254
70157 146 221
70177 169 204
70181 110 241
70201 51 260
70229 2 265
70237 46 261
70241 4 265
70249 168 205
70289 8 265
70297 69 256
70309 145 222
70313 187 188
70321 25 264
70373 182 193
70381 125 234
70393 83 252
70429 102 245
70457 179 196
70481 16 265
70489 165 208
70501 74 255
70529 95 248
70537 29 264
70549 18 265
70573 138 227
70589 133 230
70621 50 261
70657 31 264
70709 22 265
70717 101 246
70729 85 252
70753 137 228
70769 40 263
70793 172 203
70841 104 245
70849 57 260
70853 47 262
70877 11 266
70901 26 265
70913 97 248
70921 35 264
70937 136 229
70949 70 257
70957 141 226
70969 160 213
70981 15 266
70997 169 206
71069 187 190
71081 59 260
71089 185 192
71129 140 227
71153 167 208
71161 75 256
71209 180 197
71233 72 257
71237 166 209
71249 32 265
71257 56 261
71261 106 245
71293 2 267
71317 134 231
71329 177 200
71333 113 242
71341 150 221
71353 8 267
71389 10 267
71413 102 247
71429 175 202
71437 66 259
71453 53 262
71473 48 263
71537 116 241
71549 155 218
71569 63 260
71593 112 243
71597 29 266
71633 148 223
71693 142 227
71713 132 233
71741 85 254
71761 119 240
71777 79 256
71789 115 242
71809 153 220
71821 189 190
71837 94 251
71849 5 268
71861 185 194
71881 184 195
71909 97 250
71917 131 234
71933 182 197
71941 146 225
71993 13 268
72053 158 217
72073 28 267
72077 166 211
72089 67 260
72101 145 226
72109 90 253
72161 44 265
72169 165 212
72173 157 218
72221 139 230
72229 150 223
72253 117 242
72269 125 238
72277 39 266
72313 32 267
72337 129 236
72341 46 265
72353 23 268
72421 86 255
72461 10 269
72469 162 215
72481 120 241
72493 77 258
72497 124 239
72533 58 263
72577 161 216
72613 63 262
72617 16 269
72649 132 235
72661 169 210
72673 108 247
72689 160 217
72701 101 250
72733 38 267
72797 91 254
72817 104 249
72869 65 262
72889 40 267
72893 178 203
72901 1 270
72937 24 269
72949 7 270
72953 107 248
72973 118 243
72977 151 224
72997 126 239
73009 145 228
73013 62 263
73037 26 269
73061 175 206
73121 164 215
73133 67 262
73141 54 265
73181 134 235
73189 17 270
73237 106 249
73277 149 226
73309 155 222
73361 56 265
73369 188 195
73417 61 264
73421 170 211
73433 148 227
73453 83 258
73477 6 271
73517 34 269
73529 77 260
73553 112 247
73561 160 219
73589 58 265
73597 74 261
73609 180 203
73613 98 253
73637 14 271
73673 43 268
73681 159 220
73693 123 242
73709 178 205
73721 136 235
73757 146 229
73849 45 268
73877 151 226
73897 76 261
73961 40 269
73973 73 262
74017 24 271
74021 130 239
74077 139 234
74093 163 218
74101 110 249
74149 90 257
74161 81 260
74177 121 244
74189 125 242
74197 186 199
74201 155 224
74209 15 272
74257 184 201
74293 183 202
74297 44 269
74317 99 254
74353 72 263
74357 169 214
74377 181 204
74381 109 250
74413 102 253
74441 160 221
74449 168 215
74453 142 233
74489 83 260
74509 147 230
74521 80 261
74561 95 256
74573 77 262
74597 34 271
74609 25 272
74653 58 267
74713 27 272
74717 101 254
74729 115 248
74761 131 240
74797 174 211
74821 111 250
74857 164 219
74861 50 269
74869 135 238
74873 173 212
74897 191 196
74929 20 273
74933 118 247
74941 150 229
75013 22 273
75017 139 236
75029 185 202
75037 171 214
75041 40 271
75109 47 270
75133 62 267
75149 182 205
75161 125 244
75169 87 260
75181 90 259
75193 117 248
75209 35 272
75217 169 216
75253 78 263
75269 113 250
75277 54 269
75289 133 240
75329 160 223
75337 99 256
75353 37 272
75377 44 271
75389 142 235
75401 124 245
75437 19 274
75521 89 260
75533 83 262
75541 105 254
75553 32 273
75557 46 271
75577 141 236
75617 136 239
75629 2 275
75641 4 275
75653 98 257
75689 8 275
75709 53 270
75721 189 200
75773 187 202
75781 145 234
75793 63 268
75797 71 266
75821 14 275
75833 43 272
75853 163 222
75869 85 262
75913 68 267
75937 79 264
75941 50 271
75989 170 217
75997 114 251
76001 76 265
76081 180 209
76129 40 273
76157 154 229
76213 87 262
76249 93 260
76253 133 242
76261 106 255
76289 167 220
76333 142 237
76369 137 240
76421 175 214
76441 195 196
76481 191 200
76493 158 227
76537 19 276
76541 146 235
76561 105 256
76597 39 274
76649 32 275
76673 172 217
76697 131 244
76717 66 269
76733 2 277
76753 183 208
76757 41 274
76777 156 229
76781 34 275
76801 25 276
76829 10 277
76837 111 254
76873 12 277
76913 88 263
76949 82 265
76961 169 220
77017 29 276
77029 50 273
77041 60 271
77069 38 275
77081 100 259
77093 143 238
77101 45 274
77137 31 276
77141 121 250
77153 73 268
77201 176 215
77213 22 277
77237 194 199
77249 193 200
77261 70 269
77269 90 263
77317 81 266
77369 188 205
77377 124 249
77417 109 256
77477 49 274
77489 185 208
77509 15 278
77513 28 277
77521 164 225
77549 157 230
77557 151 234
77569 112 255
77573 17 278
77617 89 264
77621 86 265
77641 171 220
77681 140 241
77689 80 267
77713 108 257
77761 135 244
77773 162 227
77797 66 271
77801 101 260
77813 23 278
77849 155 232
77893 58 273
77929 48 275
77933 118 253
77969 88 265
77977 91 264
78017 196 199
78041 160 229
78049 143 240
78101 55 274
78121 100 261
78137 76 269
78157 189 206
78173 38 277
78193 188 207
78229 73 270
78233 187 208
78241 20 279
78277 186 209
78301 165 226
78317 106 259
78341 70 271
78401 1 280
78437 146 239
78497 151 236
78509 35 278
78517 26 279
78541 54 275
78553 163 228
78569 13 280
78577 49 276
78593 112 257
78649 140 243
78653 37 278
78697 179 216
78713 83 268
78721 95 264
78737 169 224
78781 155 234
78797 61 274
78809 197 200
78853 177 218
78857 139 244
78877 126 251
78889 192 205
78893 122 253
78901 130 249
78929 23 280
78941 154 235
78977 4 281
78989 58 275
79133 43 278
79153 68 273
79181 110 259
79193 133 248
79201 55 276
79229 50 277
79241 29 280
79273 152 237
79301 65 274
79309 45 278
79333 113 258
79337 164 229
79349 182 215
79357 106 261
79393 87 268
79397 146 241
79433 52 277
79481 109 260
79493 47 278
79537 24 281
79549 5 282
79561 156 235
79589 145 242
79601 199 200
79609 75 272
79613 197 202
79621 150 239
79633 127 252
79657 59 276
79669 105 262
79693 13 282
79697 119 256
79757 86 269
79769 37 280
79777 44 279
79801 149 240
79813 17 282
79817 176 221
79829 98 265
79841 80 271
79861 30 281
79873 167 228
79889 160 233
79901 130 251
79973 118 257
79997 166 229
80021 185 214
80077 114 259
80141 125 254
80149 25 282
80153 8 283
80173 147 242
80177 121 256
80209 172 225
80221 110 261
80233 12 283
80273 137 248
80309 55 278
80317 171 226
80329 60 277
80341 50 279
80369 113 260
80429 170 227
80449 120 257
80473 93 268
80489 20 283
80513 193 208
80537 116 259
80557 99 266
80621 190 211
80629 102 265
80657 1 284
80669 155 238
80677 161 234
80681 5 284
80701 75 274
80713 188 213
80737 9 284
80749 35 282
80761 144 245
80777 11 284
80789 167 230
80809 72 275
80833 108 263
80849 95 268
80897 44 281
80909 130 253
80917 166 231
80929 80 273
80933 122 257
80953 148 243
80989 30 283
81001 51 280
81013 183 218
81017 19 284
81041 104 265
81049 165 232
81077 46 281
81097 21 284
81101 74 275
81157 129 254
81173 142 247
81181 91 270
81197 94 269
81233 97 268
81281 25 284
81293 157 238
81349 193 210
81353 68 277
81373 43 282
81401 76 275
81409 128 255
81421 14 285
81457 156 239
81509 65 278
81517 189 214
81533 38 283
81553 87 272
81569 188 215
81629 70 277
81637 81 274
81649 57 280
81677 131 254
81689 40 283
81701 175 226
81737 149 244
81749 185 218
81761 119 260
81769 160 237
81773 67 278
81817 184 219
81853 42 283
81869 115 262
81901 26 285
81929 148 245
81937 64 279
81953 143 248
81973 153 242
82009 28 285
82013 202 203
82021 15 286
82037 199 206
82073 197 208
82129 180 223
82141 171 230
82153 152 243
82189 125 258
82193 193 212
82217 179 224
82237 21 286
82241 121 260
82261 170 231
82301 85 274
82349 82 275
82361 100 269
82373 2 287
82393 48 283
82421 25 286
82457 124 259
82469 10 287
82493 187 218
82529 145 248
82549 55 282
82561 60 281
82601 140 251
82609 175 228
82613 73 278
82633 93 272
82657 96 271
82721 160 239
82729 123 260
82757 31 286
82781 166 235
82793 52 283
82813 78 277
82837 201 206
82889 67 280
82913 148 247
82981 134 255
82997 89 274
83009 95 272
83077 111 266
83089 192 215
83093 118 263
83101 101 270
83117 179 226
83137 191 216
83177 104 269
83221 114 265
83233 17 288
83257 51 284
83269 30 287
83273 107 268
83341 46 285
83357 91 274
83389 110 267
83401 85 276
83417 176 229
83437 186 221
83449 168 235
83477 41 286
83497 124 261
83537 4 289
83557 6 289
83561 155 244
83597 106 269
83609 140 253
83617 76 279
83621 10 289
83641 204 205
83653 202 207
83689 60 283
83701 199 210
83717 14 289
83737 144 251
83761 135 256
83773 123 262
83777 16 289
83813 38 287
83833 112 267
83857 119 264
83869 165 238
83873 172 233
83921 20 289
83933 62 283
83969 40 287
84017 164 239
84053 122 263
84061 190 219
84089 92 275
84121 189 220
84137 59 284
84181 9 290
84221 11 290
84229 177 230
84313 37 288
84317 146 251
84349 107 270
84377 61 284
84389 17 290
84401 185 224
84421 30 289
84437 74 281
84449 175 232
84457 91 276
84481 184 225
84509 85 278
84521 200 211
84533 167 238
84589 58 285
84629 23 290
84649 160 243
84653 182 227
84673 48 287
84697 4 291
84701 149 250
84713 68 283
84737 76 281
84761 131 260
84793 43 288
84809 172 235
84857 139 256
84869 50 287
84913 153 248
84961 81 280
84977 164 241
85009 105 272
85021 130 261
85037 134 259
85049 115 268
85061 31 290
85081 20 291
85093 138 257
85109 122 265
85121 40 289
85133 163 242
85193 92 277
85201 95 276
85213 118 267
85229 98 275
85237 86 279
85297 204 209
85313 7 292
85333 137 258
85361 80 281
85369 200 213
85381 175 234
85429 198 215
85453 77 282
85469 37 290
85513 117 268
85517 61 286
85549 195 218
85577 136 259
85597 194 219
85601 124 265
85621 39 290
85661 181 230
85669 113 270
85717 154 249
85733 58 287
85781 41 290
85793 23 292
85817 116 269
85829 190 223
85837 34 291
85853 2 293
85889 25 292
85909 153 250
85933 93 278
86017 84 281
86029 102 275
86069 130 263
86077 134 261
86113 207 208
86117 206 209
86137 204 211
86161 169 240
86197 201 214
86201 176 235
86209 185 228
86249 20 293
86257 199 216
86269 162 245
86293 198 217
86297 184 229
86341 146 255
86353 33 292
86357 86 281
86369 137 260
86381 125 266
86389 183 230
86413 83 282
86441 104 275
86453 167 242
86461 5 294
86477 194 221
86501 49 290
86509 150 253
86533 193 222
86561 145 256
86573 173 238
86629 110 273
86677 94 279
86689 180 233
86693 97 278
86729 100 277
86753 113 272
86813 82 283
86837 71 286
86857 131 264
86861 106 275
86869 135 262
86929 148 255
86969 205 212
86981 170 241
86993 68 287
87013 143 258
87037 186 229
87041 4 295
87049 93 280
87121 60 289
87133 102 277
87149 157 250
87181 50 291
87221 14 295
87253 162 247
87257 196 221
87277 29 294
87281 16 295
87293 38 293
87313 183 232
87317 151 254
87337 156 251
87421 75 286
87433 67 288
87473 47 292
87481 141 260
87509 22 295
87517 181 234
87541 121 270
87553 72 287
87557 191 226
87589 145 258
87613 42 293
87629 190 227
87641 5 296
87649 132 265
87697 9 296
87701 26 295
87721 140 261
87793 207 212
87797 94 281
87833 88 283
87853 178 237
87869 187 230
87877 66 289
87881 85 284
87917 131 266
87961 200 219
87973 177 238
87977 19 296
88001 199 220
88037 79 286
88069 63 290
88093 197 222
88117 41 294
88129 152 255
88169 112 275
88177 96 281
88237 126 269
88241 25 296
88261 194 225
88289 55 292
88301 115 274
88321 36 295
88337 151 256
88397 146 259
88469 38 295
88493 173 242
88513 57 292
88589 67 290
88609 20 297
88657 104 279
88661 206 215
88681 205 216
88721 136 265
88729 165 248
88741 154 255
88789 42 295
88793 187 232
88801 201 220
88813 3 298
88817 124 271
88853 7 298
88861 69 290
88873 77 288
88897 164 249
88937 91 284
88969 88 285
88993 28 297
88997 74 289
89009 103 280
89017 139 264
89021 85 286
89041 196 225
89057 176 241
89069 163 250
89101 195 226
89113 123 272
89137 39 296
89153 152 257
89189 175 242
89209 147 260
89213 58 293
89237 119 274
89261 130 269
89269 138 265
89273 112 277
89293 182 237
89317 126 271
89329 48 295
89381 191 230
89393 167 248
89413 122 273
89417 4 299
89449 60 293
89477 209 214
89501 10 299
89513 133 268
89521 180 239
89533 27 298
89561 155 256
89597 14 299
89633 188 233
89653 38 297
89657 16 299
89669 145 262
89681 95 284
89689 92 285
89753 67 292
89797 159 254
89809 40 297
89821 186 235
89833 83 288
89849 107 280
89897 164 251
89909 170 247
89917 59 294
89977 24 299
89989 158 255
90001 1 300
90017 49 296
90053 113 278
90073 163 252
90089 100 283
90121 11 300
90149 193 230
90173 37 298
90197 106 281
90217 51 296
90281 109 280
90289 17 300
90313 212 213
90353 208 217
90373 207 218
90397 206 219
90401 151 260
90437 161 254
90469 90 287
90473 68 293
90481 180 241
90529 23 300
90533 202 223
90617 4 301
90641 55 296
90677 199 226
90697 36 299
90709 50 297
90749 70 293
90793 197 228
90821 95 286
90833 92 287
90841 29 300
90901 170 249
90917 86 289
90977 184 239
90989 83 290
90997 194 231
91009 153 260
91033 72 293
91081 80 291
91097 59 296
91121 64 295
91129 120 277
91141 175 246
91153 192 233
91193 77 292
91229 5 302
91237 191 234
91249 207 220
91253 7 302
91297 116 279
91309 205 222
91369 37 300
91373 13 302
91381 66 295
91393 167 252
91397 134 271
91433 173 248
91453 142 267
91457 161 256
91493 17 302
91513 188 237
91529 200 227
91541 146 265
91573 58 297
91577 179 244
91621 90 289
91673 133 272
91733 23 302
91753 108 283
91757 34 301
91781 145 266
91801 125 276
91813 2 303
91837 154 261
91841 65 296
91873 8 303
91909 10 303
91921 164 255
91957 114 281
91961 140 269
91969 95 288
91997 101 286
92009 128 275
92033 212 217
92041 104 285
92077 86 291
92153 83 292
92173 182 243
92177 191 236
92189 110 283
92221 139 270
92233 168 253
92237 131 274
92269 190 237
92297 181 244
92317 54 299
92333 202 227
92353 97 288
92357 94 289
92369 100 287
92377 69 296
92381 91 290
92401 49 300
92413 123 278
92461 106 285
92489 85 292
92557 179 246
92569 187 240
92581 166 255
92593 28 303
92641 15 304
92657 71 296
92669 155 262
92681 160 259
92693 178 247
92717 46 301
92737 96 289
92753 137 272
92761 165 256
92789 185 242
92801 76 295
92809 53 300
92821 105 286
92849 145 268
92857 21 304
92861 194 235
92893 213 218
92921 211 220
92941 210 221
92957 149 266
92993 208 223
93001 60 299
93053 43 302
93077 169 254
93089 8 305
93097 144 269
93113 128 277
93133 163 258
93169 12 305
93229 45 302
93241 75 296
93253 38 303
93257 29 304
93281 16 305
93329 152 265
93337 131 276
93377 31 304
93481 59 300
93493 198 233
93497 64 299
93529 123 280
93553 103 288
93557 151 266
93581 134 275
93601 24 305
93629 130 277
93637 1 306
93701 26 305
93761 185 244
93809 28 305
93889 208 225
93893 193 238
93901 99 290
93913 93 292
93937 39 304
93941 154 265
93949 90 293
93997 19 306
94009 205 228
94033 108 287
94049 32 305
94057 204 229
94109 203 230
94117 111 286
94121 136 275
94153 132 277
94169 163 260
94201 60 301
94229 55 302
94253 2 307
94261 25 306
94273 168 257
94309 50 303
94321 36 305
94349 10 307
94397 139 274
94421 86 295
94433 143 272
94441 45 304
94477 29 306
94513 52 303
94529 127 280
94541 179 250
94561 156 265
94573 18 307
94597 31 306
94613 217 218
94621 186 245
94649 20 307
94693 142 273
94709 103 290
94777 171 256
94781 155 266
94789 42 305
94793 208 227
94837 126 281
94841 85 296
94849 193 240
94873 3 308
94889 5 308
94933 82 297
94949 170 257
94961 44 305
94993 183 248
95009 145 272
95021 115 286
95089 15 308
95093 202 233
95101 149 270
95153 17 308
95177 76 299
95189 158 265
95213 163 262
95233 153 268
95257 189 244
95261 181 250
95273 32 307
95317 41 306
95369 188 245
95393 23 308
95401 180 251
95413 162 263
95429 65 302
95441 55 304
95461 95 294
95549 107 290
95561 131 280
95569 212 225
95581 10 309
95597 211 226
95617 161 264
95621 110 289
95629 210 227
95633 172 257
95701 151 270
95713 113 288
95717 194 241
95737 16 309
95773 138 277
95789 142 275
95801 80 299
95813 193 242
95857 184 249
95869 165 262
95873 103 292
95881 20 309
95917 106 291
95929 77 300
95957 119 286
95989 183 250
96001 176 255
96013 42 307
96017 191 244
96053 137 278
96097 201 236
96137 61 304
96149 7 310
96157 26 309
96181 9 310
96221 11 310
96233 37 308
96269 13 310
96281 125 284
96289 105 292
96293 118 287
96329 140 277
96337 136 279
96353 188 247
96377 76 301
96401 215 224
96457 84 299
96461 19 310
96469 162 265
96493 173 258
96497 196 241
96517 114 289
96553 48 307
96557 179 254
96581 209 230
96589 195 242
96601 124 285
96661 55 306
96697 156 269
96737 4 311
96749 50 307
96757 6 311
96769 120 287
96797 86 299
96821 10 311
96857 184 251
96893 142 277
96953 52 307
96973 202 237
96989 130 283
96997 191 246
97001 80 301
97021 170 261
97073 47 308
97081 40 309
97117 59 306
97157 154 271
97169 137 280
97177 69 304
97213 133 282
97241 220 221
97301 215 226
97369 5 312
97373 197 242
97381 66 305
97397 26 311
97429 102 295
97441 140 279
97453 93 298
97501 90 299
97549 157 270
97553 208 233
97561 195 244
97577 179 256
97609 128 285
97613 58 307
97649 68 305
97673 53 308
97729 185 252
97777 156 271
97789 117 290
97813 98 297
97829 95 298
97841 104 295
97849 60 307
97861 65 306
97961 160 269
97973 2 313
98009 155 272
98017 36 311
98041 75 304
98057 176 259
98081 200 241
98101 190 249
98129 220 223
98213 97 298
98221 189 250
98257 169 264
98269 213 230
98297 181 256
98317 109 294
98321 40 311
98369 20 313
98377 149 276
98389 210 233
98429 85 302
98453 22 313
98473 187 252
98533 82 303
98561 140 281
98573 173 262
98597 1 314
98621 5 314
98641 105 296
98669 205 238
98689 108 295
98713 37 312
98717 11 314
98729 152 275
98737 204 239
98773 87 302
98801 76 305
98809 203 240
98837 46 311
98849 143 280
98869 30 313
98873 68 307
98893 147 278
98897 124 289
98909 53 310
98929 177 260
98953 117 292
98981 191 250
98993 32 313
99013 222 223
99017 221 224
99041 160 271
99053 218 227
99089 65 308
99109 78 305
99133 138 283
99137 199 244
99149 70 307
99173 182 257
99181 134 285
99233 212 233
99241 4 315
99257 164 269
99277 211 234
99289 8 315
99317 169 266
99349 57 310
99377 209 236
99397 126 289
99401 100 299
99409 97 300
99469 163 270
99497 109 296
99529 195 248
99577 64 309
99581 59 310
99661 115 294
99689 140 283
99709 22 315
99713 167 268
99721 136 285
99733 42 313
99761 185 256
99793 132 287
99809 172 265
99817 96 301
99829 105 298
99833 152 277
99877 79 306
99881 5 316
99901 26 315
99929 220 227
99961 156 275
99989 217 230
100049 215 232
100057 124 291
100069 63 310
100109 190 253
100129 160 273
100153 53 312
100169 212 235
100189 170 267
100193 73 308
100213 198 247
100237 189 254
100297 21 316
100313 197 248
100333 78 307
100357 159 274
100361 181 260
100393 123 292
100417 196 249
100469 50 313
100493 2 317
100501 174 265
100517 206 241
100537 141 284
100549 145 282
100609 103 300
100613 97 302
100621 45 314
100649 80 307
100669 38 315
100673 52 313
100693 153 278
100733 122 293
100741 129 290
100769 88 305
100801 224 225
100829 202 245
100853 178 263
100913 217 232
100937 184 259
100957 74 309
100981 215 234
101009 200 247
101021 214 235
101081 35 316
101089 183 260
101113 212 237
101117 139 286
101141 71 310
101149 5 318
101161 44 315
101173 7 318
101197 51 314
101209 165 272
101221 210 239
101273 28 317
101281 209 240
101293 13 318
101333 58 313
101341 46 315
101377 39 316
101429 73 310
101449 107 300
101477 134 289
101489 92 305
101501 110 299
101513 32 317
101533 187 258
101537 41 316
101561 205 244
101573 113 298
101581 130 291
101641 204 245
101653 23 318
101681 145 284
101693 158 277
101701 225 226
101737 179 264
101741 221 230
101749 25 318
101789 133 290
101797 6 319
101833 67 312
101837 106 301
101869 162 275
101873 167 272
101917 91 306
101921 215 236
101929 52 315
101957 14 319
101977 184 261
102001 200 249
102013 213 238
102061 125 294
102077 59 314
102101 199 250
102121 211 240
102149 190 257
102161 20 319
102181 210 241
102197 74 311
102217 99 304
102229 105 302
102233 128 293
102241 96 305
102253 42 317
102293 182 263
102301 165 274
102317 61 314
102329 160 277
102337 24 319
102397 114 299
102409 3 320
102433 87 308
102437 26 319
102461 206 245
102481 9 320
102497 76 311
102533 142 287
102593 68 313
102653 107 302
102673 73 312
102677 154 281
102701 110 301
102761 19 320
102769 113 300
102793 48 317
102797 179 266
102829 173 270
102841 21 320
102877 86 309
102881 55 316
102913 192 257
102929 23 320
102953 133 292
103001 200 251
103049 157 280
103069 62 315
103093 122 297
103141 10 321
103177 136 291
103217 209 244
103237 14 321
103289 208 245
103333 47 318
103349 182 265
103357 69 314
103393 143 288
103409 128 295
103421 139 290
103457 151 284
103529 205 248
103549 155 282
103553 223 232
103561 195 256
103573 222 233
103577 61 316
103613 187 262
103657 219 236
103669 87 310
103681 159 280
103769 37 320
103801 120 299
103813 193 258
103837 101 306
103841 104 305
103889 95 308
103913 173 272
103969 145 288
103981 141 290
103993 212 243
103997 149 286
104009 200 253
104021 89 310
104033 137 292
104053 78 313
104089 60 317
104113 172 273
104149 55 318
104161 119 300
104173 157 282
104233 83 312
104281 140 291
104297 109 304
104309 25 322
104369 80 313
104381 91 310
104393 8 323
104417 176 271
104473 12 323
104513 188 263
104537 221 236
104549 143 290
104561 160 281
104593 128 297
104597 151 286
104677 54 319
104681 155 284
104693 82 313
104701 74 315
104717 194 259
104729 20 323
